2313.064172	938.0429834
3670.465784	866.4782007
3634.334096	430.3877714
3276.769284	1473.134854
3186.432526	1029.07612
2994.48853	1006.954745
2772.409436	853.9959075
3210.63172	831.9190807
-3536.56915	9150.092757
-16853.37375	3923.013523
4898.613185	1370.062141
-76027.08721	43864.06309
15562.62196	16617.88994
15008.35356	10900.00079
-7383.287933	8790.102934
-11884.46213	7182.164805
13498.3274	2483.171698
1680.316493	2212.536777
2677.94483	2079.164323
5124.835278	2028.48963
3197.244766	1787.84423
2863.742132	1617.733185
2825.462761	1352.068048
3122.057027	1314.174912
2254.259807	1307.739035
2925.826455	1155.002328
3259.363012	1101.904312
2681.664794	1089.866897
5016.353868	3939.824215
3945.258542	1039.469059
3111.234895	997.8291765
3193.922013	988.2689856
1002.159813	2054.61353
236.923081	1658.917038
2927.671518	964.394119
3312.181849	948.4262162
3259.006399	905.3090186
2952.056693	904.3997871
4591.421093	900.3869649
3145.81947	862.4310593
3113.194615	850.6869703
3156.739794	825.060307
2553.861614	819.4545994
3323.92992	770.1228308
3108.974429	701.6615125
3485.649495	690.346742
2758.836247	601.7406849
4257.285638	594.265827
3708.668897	-1946.751327
2542.760512	547.0178015
3246.896512	524.3188482
3215.22586	304.6691441
2419.485823	262.5204846
2789.332292	204.2172445
3464.611344	96.6859279
2191.777258	10.97572293
2289.769546	-431.1356206
2542.764834	-932.2735624
-1857.372317	-1688.135292
1378.921384	-13082.7364
4751.57168	-16017.27406
11060.19964	-17526.41516
3146.028854	563.1578993
3144.035544	986.7313373
3133.109652	907.1205933
3142.489751	942.6003893
3109.287633	890.1624249
3074.832927	912.1271591
3017.757274	861.5807249
3039.285607	831.4144994
3123.072418	818.9715842
3051.744511	711.7682679
3047.721582	579.4860317
3173.663427	743.3345911
3229.397903	602.496622
3225.316779	762.2801951
3281.31869	746.185211
3378.091454	720.8739089
3422.022838	828.6382321
3352.058618	895.3009293
3429.575315	928.4304627
3341.035933	1002.084614
3247.067563	868.4995007
3312.154695	829.2270759
3238.400202	814.723893
2845.366036	787.2253075
2819.097251	972.29584
2768.424166	1115.126195
2790.383567	1264.590637
2959.515334	1340.167498
3042.455471	1131.573649
3181.948057	1091.282757
3090.261915	1027.330082
3052.628402	990.4168304
3312.708844	1228.405371
3387.997808	1208.090329
3602.758879	1289.85203
3722.412796	1978.282631
3499.200341	1086.083514
3527.585611	933.3884641
3529.647692	823.6136851
3521.611973	655.0742328
3354.593561	545.2426481
3395.052923	522.1662791
3114.405923	402.2758903
2853.717552	452.800056
2779.581444	654.2938648
2511.497682	986.3433861
2245.45387	1715.12439
1308.629009	1381.632905
1674.554384	2866.745387
2562.986686	597.353867
336.5863756	3802.164741
-464.4328344	1551.907701
1088.806887	271.3866078
2290.931339	345.2673947
2547.853512	-34.01045793
3150.43526	-189.9609845
4013.294586	614.3186671
4343.229748	1210.629642
4739.931252	1580.699826
3437.009142	4374.328134
5947.993649	3800.524181
6828.019196	1872.306525
6560.549579	-726.9568535
3124.312376	-1209.302372
1700.069329	-1388.835226
-278.6255685	-724.9573442
-457.1945653	8665.114153
1854.89619	7673.348724
3465.810479	6436.727694
4479.613615	5149.233265
-561.4097118	949.4764552
11680.35656	-318.3741704
-1302.848537	-146.0010263
9523.568132	-1448.363737
7638.805517	-1748.793518
4709.525895	-2319.157281
5914.321033	-1731.960237
-1572.2718	-3624.78034
-1668.622647	-6195.968125
-447.2423734	-9064.753621
5300.872332	3012.266238
2999.682809	-1457.534489
